88888888888888888888888979993333977738888888
88888888888888888888888113111111111117888888
88888888888888888888881188888883111118888888
88888888888888833333881783333388888888888888
88883333883388888888811888888883888883338888
88888888888888888397911899888888888888888888
88883938888111111111111111111111388839388888
88111111111111111111111111111111111111111988
81111111111111971111111111119711111111111188
88111111111988888811111119888888111111111988
88881111111788888811111117888888111111138888
88881111111111111111111111111111111111188888
88883111111111111111111111111111111111188888
88888811111111888371111119888911111113888888
88888888111111119888888888311111111888888888
88888888888311111111111111111119888888888888
88888888888888333399999999333888888888889403
