88888888888888888888888888888888888888888888888333388888888888888833333338888888888888888
88888888888888888888888888888888888888888888888111111119888888888111111111888888888888888
88888888888888888888888888888888888888888888881111911111111111111111111111198888888888888
88888888888888888888888888888888888888888888881118888888888371111111111111118888888888888
88888888888888888888888888888888888888888888871118838888888888871111111111118888888888888
88888888888888888888888888888888888888888888811188888888833333889111111111988888888888888
88888888888888888888888888888888888888888888911188888888888888888883979388888888888888888
88888888888888888888888888888888888888888888111888888888888888888888888888888888888888888
88888888888888888888888888888888888888888883111888888888888888888883333388888888888888888
88888888888888888888888888888888333333388881113833333333888888888888888888888888888888888
88888888888888888888888883338888888888888881118888888888888833388888888888888888888888888
88888888333333388888838888888888889711111111111111179388888888888338888833333338888888888
88888888888888888888888888311111111111111111111111111111111178888888838888888888888888888
88888888839793888888831111111111111111111111111111111111111111111788888888999388888888888
88888311111111111991111111111111111111111111111111111111111111111111131111111111118888888
88881111111111111111111111111111111111111111111111111111111111111111111111111111111188888
88811111111111111111111111111111111111111111111111111111111111111111111111111111111118888
88811111111111111111111111117771111111111111111111111111177111111111111111111111111118888
88811111111111111111111118888888889111111111111111111888888888311111111111111111111118888
88881111111111111111111988883338888811111111111111118888333388881111111111111111111188888
88888911111111111111111883388888838811111111111111138838888883887111111111111111118888888
88888888111111111111111788888338888811111111111111118888833888881111111111111117888888888
88888388111111111111111118888888881111111111111111111388888888911111111111111111888888888
88888888111111111111111111111111111111111111111111111111111111111111111111111111838888888
88888888111111111111111111111111111111111111111111111111111111111111111111111118888888888
88888888811111111111111111111111111111111111111111111111111111111111111111111198888888888
88888888881111111111111111111111111111111111111111111111111111111111111111111988888888888
88888888888911111111111111118888111111111111111111111119888811111111111111118888888888888
88888888888887111111111111111988888883911111111179888888887111111111111111388888888888888
88888888888888891111111111111111198888888888888888888311111111111111111188888888888888888
88888888888888888891111111111111111111111111111111111111111111111111138888888888888888888
88888888888888888888881111111111111111111111111111111111111111111988888888888888888888888
88888888888888888888888888371111111111111111111111111111111198888888838888888888888888888
88888888888888888888833888888888883971111111111111179888888888888338888888888888888888888
88888888888888888888888888888888888888888888888888888888888888888888888888888888888898889
